-0.030660   0.000000   0.015965
-0.029800   0.000000   0.016104
-0.028948   0.000000   0.016229
-0.028102   0.000000   0.016341
-0.027264   0.000000   0.016438
-0.026433   0.000000   0.016523
-0.025608   0.000000   0.016594
-0.024790   0.000000   0.016654
-0.023978   0.000000   0.016701
-0.023172   0.000000   0.016736
-0.022373   0.000000   0.016760
-0.021579   0.000000   0.016773
-0.020791   0.000000   0.016774
-0.020008   0.000000   0.016765
-0.019231   0.000000   0.016746
-0.018459   0.000000   0.016716
-0.017693   0.000000   0.016676
-0.016931   0.000000   0.016626
-0.016175   0.000000   0.016566
-0.015424   0.000000   0.016496
-0.014678   0.000000   0.016417
-0.013936   0.000000   0.016329
-0.013200   0.000000   0.016232
-0.012468   0.000000   0.016126
-0.011740   0.000000   0.016010
-0.011018   0.000000   0.015886
-0.010300   0.000000   0.015753
-0.009586   0.000000   0.015612
-0.008877   0.000000   0.015462
-0.008172   0.000000   0.015304
-0.007471   0.000000   0.015137
-0.006775   0.000000   0.014962
-0.006083   0.000000   0.014779
-0.005395   0.000000   0.014588
-0.004711   0.000000   0.014389
-0.004032   0.000000   0.014182
-0.003357   0.000000   0.013966
-0.002685   0.000000   0.013743
-0.002018   0.000000   0.013513
-0.001355   0.000000   0.013274
-0.000696   0.000000   0.013028
-0.000041   0.000000   0.012774
0.000610   0.000000   0.012512
0.001257   0.000000   0.012242
0.001900   0.000000   0.011965
0.002539   0.000000   0.011681
0.003174   0.000000   0.011388
0.003806   0.000000   0.011089
0.004433   0.000000   0.010781
0.005056   0.000000   0.010466
0.005676   0.000000   0.010144
0.006291   0.000000   0.009814
0.006902   0.000000   0.009476
0.007510   0.000000   0.009131
0.008114   0.000000   0.008778
0.008713   0.000000   0.008418
0.009309   0.000000   0.008050
0.009901   0.000000   0.007674
0.010489   0.000000   0.007291
0.011072   0.000000   0.006900
0.011652   0.000000   0.006501
0.012228   0.000000   0.006095
0.012799   0.000000   0.005680
0.013367   0.000000   0.005258
0.013931   0.000000   0.004828
0.014490   0.000000   0.004391
0.015045   0.000000   0.003945
0.015596   0.000000   0.003491
0.016143   0.000000   0.003029
0.016685   0.000000   0.002559
0.017224   0.000000   0.002080
0.017758   0.000000   0.001594
0.018287   0.000000   0.001099
0.018812   0.000000   0.000595
0.019333   0.000000   0.000083
0.019849   0.000000   -0.000438
0.020360   0.000000   -0.000968
0.020867   0.000000   -0.001507
0.021369   0.000000   -0.002054
0.021867   0.000000   -0.002611
0.022359   0.000000   -0.003177
0.022847   0.000000   -0.003753
0.023329   0.000000   -0.004338
0.023807   0.000000   -0.004933
0.024279   0.000000   -0.005538
0.024746   0.000000   -0.006153
0.025208   0.000000   -0.006779
0.025664   0.000000   -0.007415
0.026115   0.000000   -0.008061
0.026560   0.000000   -0.008719
0.026999   0.000000   -0.009388
0.027432   0.000000   -0.010069
0.027859   0.000000   -0.010761
0.028279   0.000000   -0.011465
0.028693   0.000000   -0.012182
0.029101   0.000000   -0.012911
0.029501   0.000000   -0.013654
0.029895   0.000000   -0.014410
0.030281   0.000000   -0.015180
0.030660   0.000000   -0.015965
0.030660   0.000000   -0.015965
0.030129   0.000000   -0.015472
0.029596   0.000000   -0.014984
0.029062   0.000000   -0.014499
0.028525   0.000000   -0.014017
0.027986   0.000000   -0.013539
0.027446   0.000000   -0.013065
0.026903   0.000000   -0.012595
0.026359   0.000000   -0.012128
0.025813   0.000000   -0.011665
0.025265   0.000000   -0.011206
0.024715   0.000000   -0.010750
0.024163   0.000000   -0.010297
0.023610   0.000000   -0.009848
0.023054   0.000000   -0.009403
0.022497   0.000000   -0.008961
0.021938   0.000000   -0.008523
0.021377   0.000000   -0.008088
0.020814   0.000000   -0.007657
0.020249   0.000000   -0.007230
0.019683   0.000000   -0.006805
0.019115   0.000000   -0.006385
0.018544   0.000000   -0.005967
0.017973   0.000000   -0.005553
0.017399   0.000000   -0.005143
0.016824   0.000000   -0.004736
0.016246   0.000000   -0.004333
0.015667   0.000000   -0.003933
0.015086   0.000000   -0.003536
0.014504   0.000000   -0.003143
0.013920   0.000000   -0.002753
0.013333   0.000000   -0.002367
0.012745   0.000000   -0.001984
0.012156   0.000000   -0.001604
0.011564   0.000000   -0.001228
0.010971   0.000000   -0.000855
0.010376   0.000000   -0.000485
0.009780   0.000000   -0.000119
0.009181   0.000000   0.000243
0.008581   0.000000   0.000603
0.007979   0.000000   0.000959
0.007375   0.000000   0.001312
0.006770   0.000000   0.001661
0.006163   0.000000   0.002007
0.005554   0.000000   0.002349
0.004943   0.000000   0.002689
0.004331   0.000000   0.003025
0.003716   0.000000   0.003357
0.003100   0.000000   0.003686
0.002483   0.000000   0.004012
0.001863   0.000000   0.004335
0.001242   0.000000   0.004654
0.000619   0.000000   0.004970
-0.000005   0.000000   0.005282
-0.000632   0.000000   0.005591
-0.001260   0.000000   0.005897
-0.001890   0.000000   0.006200
-0.002521   0.000000   0.006499
-0.003154   0.000000   0.006794
-0.003790   0.000000   0.007087
-0.004426   0.000000   0.007376
-0.005065   0.000000   0.007661
-0.005705   0.000000   0.007944
-0.006347   0.000000   0.008223
-0.006991   0.000000   0.008498
-0.007637   0.000000   0.008770
-0.008284   0.000000   0.009039
-0.008933   0.000000   0.009305
-0.009584   0.000000   0.009567
-0.010237   0.000000   0.009825
-0.010891   0.000000   0.010081
-0.011548   0.000000   0.010332
-0.012206   0.000000   0.010581
-0.012865   0.000000   0.010826
-0.013527   0.000000   0.011067
-0.014190   0.000000   0.011305
-0.014855   0.000000   0.011540
-0.015522   0.000000   0.011771
-0.016191   0.000000   0.011999
-0.016862   0.000000   0.012223
-0.017534   0.000000   0.012444
-0.018208   0.000000   0.012662
-0.018884   0.000000   0.012875
-0.019562   0.000000   0.013086
-0.020242   0.000000   0.013293
-0.020923   0.000000   0.013496
-0.021606   0.000000   0.013696
-0.022291   0.000000   0.013892
-0.022978   0.000000   0.014085
-0.023667   0.000000   0.014274
-0.024358   0.000000   0.014459
-0.025051   0.000000   0.014641
-0.025745   0.000000   0.014819
-0.026442   0.000000   0.014994
-0.027140   0.000000   0.015165
-0.027840   0.000000   0.015332
-0.028542   0.000000   0.015496
-0.029246   0.000000   0.015656
-0.029952   0.000000   0.015812
-0.030660   0.000000   0.015965
