-0.027698   0.000000   -0.004072
-0.027083   0.000000   -0.004369
-0.026469   0.000000   -0.004654
-0.025857   0.000000   -0.004929
-0.025247   0.000000   -0.005193
-0.024638   0.000000   -0.005447
-0.024030   0.000000   -0.005691
-0.023424   0.000000   -0.005925
-0.022820   0.000000   -0.006149
-0.022216   0.000000   -0.006364
-0.021614   0.000000   -0.006570
-0.021014   0.000000   -0.006767
-0.020415   0.000000   -0.006955
-0.019817   0.000000   -0.007134
-0.019220   0.000000   -0.007305
-0.018624   0.000000   -0.007467
-0.018030   0.000000   -0.007621
-0.017437   0.000000   -0.007767
-0.016845   0.000000   -0.007905
-0.016254   0.000000   -0.008035
-0.015665   0.000000   -0.008158
-0.015076   0.000000   -0.008272
-0.014489   0.000000   -0.008379
-0.013902   0.000000   -0.008479
-0.013317   0.000000   -0.008571
-0.012733   0.000000   -0.008656
-0.012150   0.000000   -0.008733
-0.011568   0.000000   -0.008804
-0.010987   0.000000   -0.008867
-0.010407   0.000000   -0.008923
-0.009828   0.000000   -0.008973
-0.009250   0.000000   -0.009015
-0.008673   0.000000   -0.009051
-0.008098   0.000000   -0.009079
-0.007523   0.000000   -0.009101
-0.006949   0.000000   -0.009116
-0.006376   0.000000   -0.009125
-0.005804   0.000000   -0.009127
-0.005233   0.000000   -0.009122
-0.004663   0.000000   -0.009111
-0.004094   0.000000   -0.009093
-0.003526   0.000000   -0.009069
-0.002959   0.000000   -0.009038
-0.002393   0.000000   -0.009001
-0.001827   0.000000   -0.008957
-0.001263   0.000000   -0.008907
-0.000700   0.000000   -0.008850
-0.000137   0.000000   -0.008787
0.000424   0.000000   -0.008718
0.000985   0.000000   -0.008642
0.001544   0.000000   -0.008560
0.002103   0.000000   -0.008471
0.002660   0.000000   -0.008376
0.003217   0.000000   -0.008274
0.003773   0.000000   -0.008166
0.004328   0.000000   -0.008052
0.004882   0.000000   -0.007931
0.005435   0.000000   -0.007804
0.005987   0.000000   -0.007670
0.006538   0.000000   -0.007530
0.007088   0.000000   -0.007384
0.007637   0.000000   -0.007230
0.008185   0.000000   -0.007070
0.008732   0.000000   -0.006904
0.009278   0.000000   -0.006731
0.009824   0.000000   -0.006551
0.010368   0.000000   -0.006365
0.010911   0.000000   -0.006171
0.011453   0.000000   -0.005971
0.011995   0.000000   -0.005764
0.012535   0.000000   -0.005551
0.013074   0.000000   -0.005330
0.013612   0.000000   -0.005102
0.014149   0.000000   -0.004867
0.014685   0.000000   -0.004625
0.015220   0.000000   -0.004376
0.015754   0.000000   -0.004119
0.016287   0.000000   -0.003855
0.016819   0.000000   -0.003583
0.017350   0.000000   -0.003304
0.017879   0.000000   -0.003017
0.018407   0.000000   -0.002723
0.018935   0.000000   -0.002420
0.019461   0.000000   -0.002110
0.019985   0.000000   -0.001791
0.020509   0.000000   -0.001465
0.021031   0.000000   -0.001129
0.021553   0.000000   -0.000785
0.022072   0.000000   -0.000433
0.022591   0.000000   -0.000072
0.023108   0.000000   0.000299
0.023624   0.000000   0.000678
0.024138   0.000000   0.001067
0.024651   0.000000   0.001466
0.025163   0.000000   0.001874
0.025673   0.000000   0.002293
0.026182   0.000000   0.002721
0.026689   0.000000   0.003161
0.027194   0.000000   0.003611
0.027698   0.000000   0.004072
0.027698   0.000000   0.004072
0.027157   0.000000   0.003866
0.026615   0.000000   0.003662
0.026073   0.000000   0.003461
0.025531   0.000000   0.003263
0.024988   0.000000   0.003067
0.024444   0.000000   0.002874
0.023901   0.000000   0.002684
0.023357   0.000000   0.002496
0.022812   0.000000   0.002311
0.022267   0.000000   0.002128
0.021722   0.000000   0.001948
0.021177   0.000000   0.001771
0.020631   0.000000   0.001596
0.020084   0.000000   0.001424
0.019538   0.000000   0.001254
0.018991   0.000000   0.001087
0.018443   0.000000   0.000922
0.017895   0.000000   0.000760
0.017347   0.000000   0.000601
0.016799   0.000000   0.000444
0.016250   0.000000   0.000289
0.015700   0.000000   0.000137
0.015151   0.000000   -0.000012
0.014601   0.000000   -0.000159
0.014050   0.000000   -0.000303
0.013499   0.000000   -0.000445
0.012948   0.000000   -0.000584
0.012397   0.000000   -0.000721
0.011845   0.000000   -0.000856
0.011292   0.000000   -0.000987
0.010740   0.000000   -0.001117
0.010187   0.000000   -0.001244
0.009633   0.000000   -0.001368
0.009080   0.000000   -0.001490
0.008526   0.000000   -0.001609
0.007971   0.000000   -0.001726
0.007416   0.000000   -0.001841
0.006861   0.000000   -0.001952
0.006305   0.000000   -0.002062
0.005750   0.000000   -0.002169
0.005193   0.000000   -0.002273
0.004637   0.000000   -0.002375
0.004080   0.000000   -0.002475
0.003522   0.000000   -0.002572
0.002964   0.000000   -0.002667
0.002406   0.000000   -0.002759
0.001848   0.000000   -0.002848
0.001289   0.000000   -0.002936
0.000730   0.000000   -0.003020
0.000170   0.000000   -0.003103
-0.000390   0.000000   -0.003182
-0.000950   0.000000   -0.003260
-0.001511   0.000000   -0.003335
-0.002072   0.000000   -0.003407
-0.002633   0.000000   -0.003477
-0.003195   0.000000   -0.003544
-0.003757   0.000000   -0.003609
-0.004319   0.000000   -0.003672
-0.004882   0.000000   -0.003732
-0.005445   0.000000   -0.003789
-0.006009   0.000000   -0.003844
-0.006573   0.000000   -0.003897
-0.007137   0.000000   -0.003947
-0.007702   0.000000   -0.003995
-0.008267   0.000000   -0.004040
-0.008832   0.000000   -0.004083
-0.009398   0.000000   -0.004123
-0.009964   0.000000   -0.004160
-0.010530   0.000000   -0.004196
-0.011097   0.000000   -0.004228
-0.011665   0.000000   -0.004259
-0.012232   0.000000   -0.004286
-0.012800   0.000000   -0.004311
-0.013368   0.000000   -0.004334
-0.013937   0.000000   -0.004354
-0.014506   0.000000   -0.004372
-0.015076   0.000000   -0.004387
-0.015645   0.000000   -0.004400
-0.016216   0.000000   -0.004410
-0.016786   0.000000   -0.004417
-0.017357   0.000000   -0.004422
-0.017928   0.000000   -0.004425
-0.018500   0.000000   -0.004424
-0.019072   0.000000   -0.004422
-0.019644   0.000000   -0.004417
-0.020217   0.000000   -0.004409
-0.020790   0.000000   -0.004399
-0.021364   0.000000   -0.004386
-0.021938   0.000000   -0.004370
-0.022512   0.000000   -0.004352
-0.023087   0.000000   -0.004331
-0.023662   0.000000   -0.004308
-0.024237   0.000000   -0.004282
-0.024813   0.000000   -0.004254
-0.025390   0.000000   -0.004223
-0.025966   0.000000   -0.004189
-0.026543   0.000000   -0.004153
-0.027121   0.000000   -0.004114
-0.027698   0.000000   -0.004072
