0.001734   0.000000   0.035566
0.002745   0.000000   0.031951
0.003545   0.000000   0.028347
0.004258   0.000000   0.024748
0.004889   0.000000   0.021152
0.005443   0.000000   0.017560
0.005912   0.000000   0.013972
0.006290   0.000000   0.010388
0.006572   0.000000   0.006810
0.006746   0.000000   0.003236
0.006797   0.000000   -0.000331
0.006707   0.000000   -0.003892
0.006484   0.000000   -0.007446
0.006134   0.000000   -0.010994
0.005666   0.000000   -0.014536
0.005074   0.000000   -0.018072
0.004342   0.000000   -0.021602
0.003453   0.000000   -0.025123
0.002357   0.000000   -0.028635
0.001706   0.000000   -0.030386
0.000955   0.000000   -0.032132
0.000042   0.000000   -0.033870
-0.000531   0.000000   -0.034733
-0.000830   0.000000   -0.035075
-0.001050   0.000000   -0.035242
-0.001734   0.000000   -0.035566
-0.001734   0.000000   -0.035566
-0.002077   0.000000   -0.035192
-0.002156   0.000000   -0.035010
-0.002194   0.000000   -0.034652
-0.002197   0.000000   -0.033760
-0.002142   0.000000   -0.031981
-0.002059   0.000000   -0.030202
-0.001968   0.000000   -0.028424
-0.001762   0.000000   -0.024869
-0.001552   0.000000   -0.021314
-0.001332   0.000000   -0.017760
-0.001106   0.000000   -0.014206
-0.000871   0.000000   -0.010653
-0.000624   0.000000   -0.007100
-0.000354   0.000000   -0.003548
-0.000048   0.000000   0.000002
0.000301   0.000000   0.003550
0.000674   0.000000   0.007097
0.001052   0.000000   0.010644
0.001422   0.000000   0.014191
0.001767   0.000000   0.017739
0.002062   0.000000   0.021290
0.002287   0.000000   0.024844
0.002392   0.000000   0.028403
0.002309   0.000000   0.031972
0.001734   0.000000   0.035566
