-0.006119   0.000000   0.035078
-0.004339   0.000000   0.031774
-0.002767   0.000000   0.028434
-0.001281   0.000000   0.025078
0.000124   0.000000   0.021709
0.001454   0.000000   0.018326
0.002699   0.000000   0.014929
0.003855   0.000000   0.011516
0.004916   0.000000   0.008087
0.005870   0.000000   0.004639
0.006704   0.000000   0.001170
0.007398   0.000000   -0.002324
0.007961   0.000000   -0.005840
0.008398   0.000000   -0.009379
0.008720   0.000000   -0.012937
0.008919   0.000000   -0.016517
0.008980   0.000000   -0.020121
0.008886   0.000000   -0.023752
0.008588   0.000000   -0.027418
0.008338   0.000000   -0.029269
0.007988   0.000000   -0.031137
0.007479   0.000000   -0.033034
0.007109   0.000000   -0.034002
0.006893   0.000000   -0.034401
0.006716   0.000000   -0.034613
0.006119   0.000000   -0.035078
0.006119   0.000000   -0.035078
0.005703   0.000000   -0.034789
0.005585   0.000000   -0.034629
0.005469   0.000000   -0.034288
0.005270   0.000000   -0.033419
0.004934   0.000000   -0.031670
0.004624   0.000000   -0.029917
0.004323   0.000000   -0.028162
0.003742   0.000000   -0.024649
0.003167   0.000000   -0.021135
0.002601   0.000000   -0.017619
0.002041   0.000000   -0.014102
0.001489   0.000000   -0.010584
0.000951   0.000000   -0.007063
0.000434   0.000000   -0.003539
-0.000048   0.000000   -0.000008
-0.000486   0.000000   0.003530
-0.000901   0.000000   0.007072
-0.001311   0.000000   0.010615
-0.001729   0.000000   0.014157
-0.002172   0.000000   0.017694
-0.002664   0.000000   0.021223
-0.003225   0.000000   0.024739
-0.003904   0.000000   0.028235
-0.004769   0.000000   0.031699
-0.006119   0.000000   0.035078
