0.018798   0.000000   0.028105
0.018776   0.000000   0.027298
0.018744   0.000000   0.026498
0.018702   0.000000   0.025704
0.018650   0.000000   0.024917
0.018589   0.000000   0.024136
0.018519   0.000000   0.023361
0.018440   0.000000   0.022592
0.018352   0.000000   0.021830
0.018255   0.000000   0.021073
0.018149   0.000000   0.020321
0.018036   0.000000   0.019576
0.017914   0.000000   0.018835
0.017783   0.000000   0.018101
0.017645   0.000000   0.017371
0.017499   0.000000   0.016647
0.017346   0.000000   0.015928
0.017184   0.000000   0.015214
0.017015   0.000000   0.014506
0.016839   0.000000   0.013802
0.016655   0.000000   0.013103
0.016464   0.000000   0.012409
0.016266   0.000000   0.011720
0.016061   0.000000   0.011035
0.015848   0.000000   0.010355
0.015629   0.000000   0.009680
0.015403   0.000000   0.009010
0.015170   0.000000   0.008344
0.014930   0.000000   0.007683
0.014683   0.000000   0.007026
0.014430   0.000000   0.006373
0.014170   0.000000   0.005725
0.013904   0.000000   0.005082
0.013631   0.000000   0.004442
0.013352   0.000000   0.003807
0.013066   0.000000   0.003177
0.012773   0.000000   0.002551
0.012475   0.000000   0.001929
0.012170   0.000000   0.001311
0.011858   0.000000   0.000697
0.011541   0.000000   0.000088
0.011217   0.000000   -0.000517
0.010887   0.000000   -0.001118
0.010550   0.000000   -0.001715
0.010208   0.000000   -0.002308
0.009859   0.000000   -0.002896
0.009504   0.000000   -0.003480
0.009143   0.000000   -0.004061
0.008775   0.000000   -0.004637
0.008402   0.000000   -0.005209
0.008022   0.000000   -0.005776
0.007636   0.000000   -0.006340
0.007244   0.000000   -0.006900
0.006846   0.000000   -0.007455
0.006441   0.000000   -0.008006
0.006030   0.000000   -0.008553
0.005614   0.000000   -0.009096
0.005190   0.000000   -0.009635
0.004761   0.000000   -0.010170
0.004325   0.000000   -0.010700
0.003884   0.000000   -0.011226
0.003435   0.000000   -0.011748
0.002981   0.000000   -0.012266
0.002520   0.000000   -0.012780
0.002053   0.000000   -0.013289
0.001579   0.000000   -0.013794
0.001099   0.000000   -0.014294
0.000612   0.000000   -0.014791
0.000119   0.000000   -0.015283
-0.000380   0.000000   -0.015770
-0.000887   0.000000   -0.016253
-0.001400   0.000000   -0.016732
-0.001919   0.000000   -0.017206
-0.002446   0.000000   -0.017676
-0.002979   0.000000   -0.018141
-0.003519   0.000000   -0.018601
-0.004067   0.000000   -0.019057
-0.004621   0.000000   -0.019508
-0.005182   0.000000   -0.019955
-0.005751   0.000000   -0.020396
-0.006326   0.000000   -0.020833
-0.006910   0.000000   -0.021265
-0.007500   0.000000   -0.021691
-0.008098   0.000000   -0.022113
-0.008704   0.000000   -0.022530
-0.009318   0.000000   -0.022941
-0.009939   0.000000   -0.023347
-0.010568   0.000000   -0.023748
-0.011206   0.000000   -0.024144
-0.011852   0.000000   -0.024533
-0.012506   0.000000   -0.024918
-0.013168   0.000000   -0.025296
-0.013840   0.000000   -0.025669
-0.014520   0.000000   -0.026036
-0.015209   0.000000   -0.026397
-0.015908   0.000000   -0.026751
-0.016616   0.000000   -0.027099
-0.017333   0.000000   -0.027441
-0.018061   0.000000   -0.027777
-0.018798   0.000000   -0.028105
-0.018798   0.000000   -0.028105
-0.018314   0.000000   -0.027607
-0.017832   0.000000   -0.027108
-0.017352   0.000000   -0.026607
-0.016874   0.000000   -0.026105
-0.016399   0.000000   -0.025601
-0.015925   0.000000   -0.025096
-0.015454   0.000000   -0.024589
-0.014985   0.000000   -0.024081
-0.014519   0.000000   -0.023571
-0.014054   0.000000   -0.023060
-0.013592   0.000000   -0.022548
-0.013131   0.000000   -0.022034
-0.012673   0.000000   -0.021519
-0.012217   0.000000   -0.021002
-0.011764   0.000000   -0.020483
-0.011312   0.000000   -0.019964
-0.010862   0.000000   -0.019443
-0.010415   0.000000   -0.018920
-0.009970   0.000000   -0.018396
-0.009527   0.000000   -0.017871
-0.009086   0.000000   -0.017344
-0.008647   0.000000   -0.016815
-0.008210   0.000000   -0.016286
-0.007776   0.000000   -0.015755
-0.007343   0.000000   -0.015222
-0.006913   0.000000   -0.014688
-0.006485   0.000000   -0.014153
-0.006059   0.000000   -0.013616
-0.005635   0.000000   -0.013078
-0.005213   0.000000   -0.012538
-0.004793   0.000000   -0.011997
-0.004376   0.000000   -0.011454
-0.003960   0.000000   -0.010911
-0.003547   0.000000   -0.010365
-0.003136   0.000000   -0.009819
-0.002726   0.000000   -0.009270
-0.002319   0.000000   -0.008721
-0.001914   0.000000   -0.008170
-0.001512   0.000000   -0.007618
-0.001111   0.000000   -0.007064
-0.000712   0.000000   -0.006509
-0.000316   0.000000   -0.005952
0.000079   0.000000   -0.005394
0.000471   0.000000   -0.004835
0.000861   0.000000   -0.004274
0.001250   0.000000   -0.003712
0.001636   0.000000   -0.003148
0.002020   0.000000   -0.002583
0.002401   0.000000   -0.002017
0.002781   0.000000   -0.001449
0.003159   0.000000   -0.000880
0.003534   0.000000   -0.000310
0.003908   0.000000   0.000262
0.004279   0.000000   0.000836
0.004649   0.000000   0.001411
0.005016   0.000000   0.001987
0.005381   0.000000   0.002564
0.005744   0.000000   0.003143
0.006105   0.000000   0.003724
0.006463   0.000000   0.004306
0.006820   0.000000   0.004889
0.007175   0.000000   0.005474
0.007527   0.000000   0.006060
0.007877   0.000000   0.006647
0.008226   0.000000   0.007236
0.008572   0.000000   0.007826
0.008916   0.000000   0.008418
0.009258   0.000000   0.009011
0.009598   0.000000   0.009605
0.009935   0.000000   0.010201
0.010271   0.000000   0.010799
0.010604   0.000000   0.011397
0.010936   0.000000   0.011998
0.011265   0.000000   0.012599
0.011592   0.000000   0.013202
0.011917   0.000000   0.013807
0.012240   0.000000   0.014412
0.012560   0.000000   0.015020
0.012879   0.000000   0.015628
0.013195   0.000000   0.016239
0.013510   0.000000   0.016850
0.013822   0.000000   0.017463
0.014132   0.000000   0.018078
0.014440   0.000000   0.018693
0.014746   0.000000   0.019311
0.015049   0.000000   0.019929
0.015351   0.000000   0.020550
0.015650   0.000000   0.021171
0.015947   0.000000   0.021794
0.016242   0.000000   0.022419
0.016535   0.000000   0.023045
0.016825   0.000000   0.023672
0.017114   0.000000   0.024301
0.017400   0.000000   0.024932
0.017684   0.000000   0.025563
0.017966   0.000000   0.026197
0.018245   0.000000   0.026831
0.018523   0.000000   0.027468
0.018798   0.000000   0.028105
