-0.024689   0.000000   -0.008618
-0.024081   0.000000   -0.008756
-0.023477   0.000000   -0.008886
-0.022875   0.000000   -0.009006
-0.022276   0.000000   -0.009119
-0.021680   0.000000   -0.009223
-0.021087   0.000000   -0.009319
-0.020497   0.000000   -0.009408
-0.019909   0.000000   -0.009488
-0.019324   0.000000   -0.009561
-0.018741   0.000000   -0.009627
-0.018162   0.000000   -0.009685
-0.017584   0.000000   -0.009736
-0.017009   0.000000   -0.009780
-0.016437   0.000000   -0.009817
-0.015867   0.000000   -0.009847
-0.015299   0.000000   -0.009871
-0.014734   0.000000   -0.009888
-0.014171   0.000000   -0.009898
-0.013610   0.000000   -0.009901
-0.013051   0.000000   -0.009899
-0.012495   0.000000   -0.009889
-0.011941   0.000000   -0.009874
-0.011389   0.000000   -0.009852
-0.010839   0.000000   -0.009825
-0.010291   0.000000   -0.009791
-0.009745   0.000000   -0.009751
-0.009202   0.000000   -0.009705
-0.008660   0.000000   -0.009653
-0.008121   0.000000   -0.009596
-0.007584   0.000000   -0.009532
-0.007048   0.000000   -0.009463
-0.006515   0.000000   -0.009388
-0.005984   0.000000   -0.009307
-0.005454   0.000000   -0.009221
-0.004927   0.000000   -0.009129
-0.004401   0.000000   -0.009031
-0.003878   0.000000   -0.008928
-0.003356   0.000000   -0.008820
-0.002836   0.000000   -0.008705
-0.002319   0.000000   -0.008585
-0.001803   0.000000   -0.008460
-0.001289   0.000000   -0.008330
-0.000777   0.000000   -0.008193
-0.000267   0.000000   -0.008052
0.000241   0.000000   -0.007905
0.000748   0.000000   -0.007752
0.001252   0.000000   -0.007594
0.001755   0.000000   -0.007431
0.002255   0.000000   -0.007262
0.002754   0.000000   -0.007088
0.003251   0.000000   -0.006909
0.003746   0.000000   -0.006724
0.004239   0.000000   -0.006533
0.004730   0.000000   -0.006338
0.005220   0.000000   -0.006137
0.005707   0.000000   -0.005930
0.006192   0.000000   -0.005718
0.006676   0.000000   -0.005501
0.007158   0.000000   -0.005278
0.007638   0.000000   -0.005049
0.008116   0.000000   -0.004815
0.008591   0.000000   -0.004576
0.009065   0.000000   -0.004331
0.009538   0.000000   -0.004080
0.010008   0.000000   -0.003824
0.010476   0.000000   -0.003562
0.010942   0.000000   -0.003295
0.011406   0.000000   -0.003021
0.011868   0.000000   -0.002742
0.012328   0.000000   -0.002458
0.012787   0.000000   -0.002167
0.013243   0.000000   -0.001871
0.013697   0.000000   -0.001568
0.014149   0.000000   -0.001260
0.014598   0.000000   -0.000945
0.015046   0.000000   -0.000625
0.015492   0.000000   -0.000298
0.015935   0.000000   0.000034
0.016376   0.000000   0.000373
0.016815   0.000000   0.000719
0.017252   0.000000   0.001071
0.017686   0.000000   0.001429
0.018118   0.000000   0.001794
0.018548   0.000000   0.002166
0.018976   0.000000   0.002544
0.019401   0.000000   0.002929
0.019823   0.000000   0.003321
0.020244   0.000000   0.003721
0.020661   0.000000   0.004127
0.021076   0.000000   0.004541
0.021489   0.000000   0.004962
0.021899   0.000000   0.005391
0.022306   0.000000   0.005828
0.022710   0.000000   0.006272
0.023112   0.000000   0.006724
0.023511   0.000000   0.007185
0.023906   0.000000   0.007654
0.024299   0.000000   0.008132
0.024689   0.000000   0.008618
0.024689   0.000000   0.008618
0.024222   0.000000   0.008354
0.023754   0.000000   0.008091
0.023285   0.000000   0.007831
0.022816   0.000000   0.007572
0.022346   0.000000   0.007315
0.021875   0.000000   0.007060
0.021404   0.000000   0.006808
0.020932   0.000000   0.006556
0.020460   0.000000   0.006307
0.019987   0.000000   0.006060
0.019513   0.000000   0.005814
0.019038   0.000000   0.005571
0.018563   0.000000   0.005329
0.018087   0.000000   0.005089
0.017611   0.000000   0.004851
0.017134   0.000000   0.004615
0.016656   0.000000   0.004380
0.016178   0.000000   0.004148
0.015699   0.000000   0.003917
0.015219   0.000000   0.003689
0.014739   0.000000   0.003462
0.014258   0.000000   0.003237
0.013776   0.000000   0.003013
0.013294   0.000000   0.002792
0.012811   0.000000   0.002572
0.012327   0.000000   0.002355
0.011843   0.000000   0.002139
0.011358   0.000000   0.001925
0.010873   0.000000   0.001712
0.010387   0.000000   0.001502
0.009900   0.000000   0.001293
0.009413   0.000000   0.001086
0.008925   0.000000   0.000881
0.008436   0.000000   0.000678
0.007947   0.000000   0.000477
0.007457   0.000000   0.000277
0.006966   0.000000   0.000080
0.006475   0.000000   -0.000116
0.005983   0.000000   -0.000310
0.005491   0.000000   -0.000502
0.004998   0.000000   -0.000693
0.004504   0.000000   -0.000881
0.004010   0.000000   -0.001068
0.003515   0.000000   -0.001253
0.003019   0.000000   -0.001436
0.002523   0.000000   -0.001618
0.002026   0.000000   -0.001797
0.001529   0.000000   -0.001975
0.001031   0.000000   -0.002151
0.000532   0.000000   -0.002325
0.000032   0.000000   -0.002497
-0.000468   0.000000   -0.002668
-0.000968   0.000000   -0.002836
-0.001470   0.000000   -0.003003
-0.001972   0.000000   -0.003168
-0.002474   0.000000   -0.003331
-0.002977   0.000000   -0.003493
-0.003481   0.000000   -0.003652
-0.003986   0.000000   -0.003810
-0.004491   0.000000   -0.003966
-0.004996   0.000000   -0.004120
-0.005503   0.000000   -0.004273
-0.006010   0.000000   -0.004423
-0.006517   0.000000   -0.004572
-0.007026   0.000000   -0.004719
-0.007535   0.000000   -0.004864
-0.008044   0.000000   -0.005007
-0.008554   0.000000   -0.005149
-0.009065   0.000000   -0.005288
-0.009577   0.000000   -0.005426
-0.010089   0.000000   -0.005562
-0.010601   0.000000   -0.005696
-0.011115   0.000000   -0.005828
-0.011629   0.000000   -0.005959
-0.012143   0.000000   -0.006087
-0.012659   0.000000   -0.006214
-0.013175   0.000000   -0.006339
-0.013691   0.000000   -0.006462
-0.014208   0.000000   -0.006583
-0.014726   0.000000   -0.006703
-0.015245   0.000000   -0.006820
-0.015764   0.000000   -0.006936
-0.016284   0.000000   -0.007050
-0.016804   0.000000   -0.007162
-0.017325   0.000000   -0.007272
-0.017847   0.000000   -0.007380
-0.018369   0.000000   -0.007487
-0.018892   0.000000   -0.007592
-0.019416   0.000000   -0.007694
-0.019940   0.000000   -0.007795
-0.020465   0.000000   -0.007894
-0.020991   0.000000   -0.007991
-0.021517   0.000000   -0.008086
-0.022044   0.000000   -0.008180
-0.022572   0.000000   -0.008271
-0.023100   0.000000   -0.008361
-0.023629   0.000000   -0.008448
-0.024159   0.000000   -0.008534
-0.024689   0.000000   -0.008618
