-0.002795   0.000000   0.035498
-0.001855   0.000000   0.032000
-0.000935   0.000000   0.028501
-0.000029   0.000000   0.025000
0.000851   0.000000   0.021498
0.001693   0.000000   0.017992
0.002486   0.000000   0.014483
0.003221   0.000000   0.010969
0.003887   0.000000   0.007450
0.004473   0.000000   0.003924
0.004964   0.000000   0.000391
0.005339   0.000000   -0.003151
0.005608   0.000000   -0.006702
0.005779   0.000000   -0.010260
0.005861   0.000000   -0.013826
0.005850   0.000000   -0.017398
0.005735   0.000000   -0.020979
0.005503   0.000000   -0.024569
0.005119   0.000000   -0.028171
0.004850   0.000000   -0.029978
0.004504   0.000000   -0.031792
0.004033   0.000000   -0.033615
0.003705   0.000000   -0.034533
0.003513   0.000000   -0.034906
0.003350   0.000000   -0.035097
0.002795   0.000000   -0.035498
0.002795   0.000000   -0.035498
0.002324   0.000000   -0.035178
0.002189   0.000000   -0.035010
0.002045   0.000000   -0.034664
0.001798   0.000000   -0.033790
0.001413   0.000000   -0.032035
0.001091   0.000000   -0.030274
0.000803   0.000000   -0.028511
0.000298   0.000000   -0.024979
-0.000148   0.000000   -0.021442
-0.000544   0.000000   -0.017902
-0.000898   0.000000   -0.014358
-0.001212   0.000000   -0.010811
-0.001486   0.000000   -0.007261
-0.001708   0.000000   -0.003706
-0.001869   0.000000   -0.000147
-0.001959   0.000000   0.003418
-0.002000   0.000000   0.006986
-0.002008   0.000000   0.010557
-0.001995   0.000000   0.014130
-0.001976   0.000000   0.017703
-0.001971   0.000000   0.021276
-0.001995   0.000000   0.024845
-0.002086   0.000000   0.028410
-0.002289   0.000000   0.031966
-0.002795   0.000000   0.035498
