0.001324   0.000000   0.035583
0.000762   0.000000   0.032041
0.000136   0.000000   0.028501
-0.000510   0.000000   0.024962
-0.001153   0.000000   0.021422
-0.001777   0.000000   0.017882
-0.002368   0.000000   0.014341
-0.002914   0.000000   0.010798
-0.003404   0.000000   0.007253
-0.003826   0.000000   0.003706
-0.004164   0.000000   0.000155
-0.004399   0.000000   -0.003400
-0.004538   0.000000   -0.006958
-0.004592   0.000000   -0.010519
-0.004569   0.000000   -0.014083
-0.004467   0.000000   -0.017650
-0.004277   0.000000   -0.021220
-0.003987   0.000000   -0.024794
-0.003570   0.000000   -0.028373
-0.003294   0.000000   -0.030165
-0.002953   0.000000   -0.031959
-0.002503   0.000000   -0.033758
-0.002195   0.000000   -0.034660
-0.002015   0.000000   -0.035023
-0.001858   0.000000   -0.035207
-0.001324   0.000000   -0.035583
-0.001324   0.000000   -0.035583
-0.000831   0.000000   -0.035245
-0.000688   0.000000   -0.035072
-0.000531   0.000000   -0.034722
-0.000263   0.000000   -0.033841
0.000145   0.000000   -0.032075
0.000474   0.000000   -0.030305
0.000757   0.000000   -0.028534
0.001231   0.000000   -0.024989
0.001620   0.000000   -0.021440
0.001942   0.000000   -0.017889
0.002206   0.000000   -0.014335
0.002416   0.000000   -0.010780
0.002572   0.000000   -0.007222
0.002665   0.000000   -0.003662
0.002685   0.000000   -0.000100
0.002622   0.000000   0.003466
0.002497   0.000000   0.007034
0.002327   0.000000   0.010603
0.002124   0.000000   0.014174
0.001901   0.000000   0.017745
0.001675   0.000000   0.021317
0.001461   0.000000   0.024888
0.001289   0.000000   0.028458
0.001198   0.000000   0.032025
0.001324   0.000000   0.035583
