-0.025247   0.000000   0.020475
-0.024503   0.000000   0.020351
-0.023764   0.000000   0.020219
-0.023032   0.000000   0.020080
-0.022305   0.000000   0.019933
-0.021585   0.000000   0.019778
-0.020870   0.000000   0.019617
-0.020161   0.000000   0.019449
-0.019458   0.000000   0.019273
-0.018760   0.000000   0.019091
-0.018068   0.000000   0.018902
-0.017381   0.000000   0.018706
-0.016700   0.000000   0.018504
-0.016024   0.000000   0.018295
-0.015353   0.000000   0.018080
-0.014687   0.000000   0.017859
-0.014026   0.000000   0.017631
-0.013370   0.000000   0.017397
-0.012719   0.000000   0.017157
-0.012073   0.000000   0.016911
-0.011432   0.000000   0.016659
-0.010795   0.000000   0.016402
-0.010164   0.000000   0.016138
-0.009537   0.000000   0.015868
-0.008914   0.000000   0.015593
-0.008297   0.000000   0.015312
-0.007684   0.000000   0.015026
-0.007075   0.000000   0.014734
-0.006471   0.000000   0.014436
-0.005871   0.000000   0.014133
-0.005276   0.000000   0.013824
-0.004686   0.000000   0.013510
-0.004099   0.000000   0.013190
-0.003517   0.000000   0.012865
-0.002940   0.000000   0.012535
-0.002366   0.000000   0.012199
-0.001797   0.000000   0.011858
-0.001233   0.000000   0.011512
-0.000672   0.000000   0.011161
-0.000116   0.000000   0.010804
0.000436   0.000000   0.010442
0.000984   0.000000   0.010075
0.001527   0.000000   0.009702
0.002066   0.000000   0.009325
0.002601   0.000000   0.008942
0.003132   0.000000   0.008554
0.003659   0.000000   0.008161
0.004182   0.000000   0.007763
0.004700   0.000000   0.007359
0.005214   0.000000   0.006951
0.005724   0.000000   0.006537
0.006230   0.000000   0.006119
0.006732   0.000000   0.005695
0.007229   0.000000   0.005266
0.007723   0.000000   0.004831
0.008212   0.000000   0.004392
0.008697   0.000000   0.003947
0.009178   0.000000   0.003498
0.009654   0.000000   0.003043
0.010127   0.000000   0.002583
0.010595   0.000000   0.002118
0.011059   0.000000   0.001647
0.011519   0.000000   0.001171
0.011974   0.000000   0.000690
0.012425   0.000000   0.000204
0.012872   0.000000   -0.000288
0.013314   0.000000   -0.000785
0.013752   0.000000   -0.001287
0.014186   0.000000   -0.001795
0.014616   0.000000   -0.002308
0.015041   0.000000   -0.002826
0.015461   0.000000   -0.003350
0.015877   0.000000   -0.003880
0.016289   0.000000   -0.004415
0.016696   0.000000   -0.004956
0.017098   0.000000   -0.005502
0.017496   0.000000   -0.006054
0.017889   0.000000   -0.006612
0.018277   0.000000   -0.007176
0.018661   0.000000   -0.007745
0.019040   0.000000   -0.008320
0.019414   0.000000   -0.008902
0.019783   0.000000   -0.009489
0.020147   0.000000   -0.010083
0.020507   0.000000   -0.010682
0.020861   0.000000   -0.011288
0.021210   0.000000   -0.011900
0.021554   0.000000   -0.012519
0.021892   0.000000   -0.013144
0.022226   0.000000   -0.013775
0.022554   0.000000   -0.014414
0.022876   0.000000   -0.015058
0.023193   0.000000   -0.015710
0.023504   0.000000   -0.016369
0.023810   0.000000   -0.017035
0.024109   0.000000   -0.017708
0.024403   0.000000   -0.018388
0.024691   0.000000   -0.019076
0.024972   0.000000   -0.019772
0.025247   0.000000   -0.020475
0.025247   0.000000   -0.020475
0.024793   0.000000   -0.019993
0.024337   0.000000   -0.019513
0.023880   0.000000   -0.019034
0.023421   0.000000   -0.018556
0.022962   0.000000   -0.018080
0.022501   0.000000   -0.017606
0.022040   0.000000   -0.017132
0.021577   0.000000   -0.016661
0.021113   0.000000   -0.016190
0.020648   0.000000   -0.015721
0.020181   0.000000   -0.015253
0.019714   0.000000   -0.014787
0.019246   0.000000   -0.014322
0.018776   0.000000   -0.013859
0.018305   0.000000   -0.013397
0.017833   0.000000   -0.012936
0.017360   0.000000   -0.012477
0.016886   0.000000   -0.012019
0.016411   0.000000   -0.011562
0.015934   0.000000   -0.011107
0.015457   0.000000   -0.010654
0.014978   0.000000   -0.010201
0.014498   0.000000   -0.009750
0.014017   0.000000   -0.009301
0.013535   0.000000   -0.008853
0.013052   0.000000   -0.008406
0.012568   0.000000   -0.007961
0.012082   0.000000   -0.007517
0.011596   0.000000   -0.007074
0.011108   0.000000   -0.006633
0.010619   0.000000   -0.006193
0.010129   0.000000   -0.005754
0.009638   0.000000   -0.005317
0.009146   0.000000   -0.004882
0.008653   0.000000   -0.004447
0.008159   0.000000   -0.004014
0.007663   0.000000   -0.003583
0.007166   0.000000   -0.003153
0.006669   0.000000   -0.002724
0.006170   0.000000   -0.002296
0.005670   0.000000   -0.001870
0.005169   0.000000   -0.001446
0.004667   0.000000   -0.001022
0.004163   0.000000   -0.000601
0.003659   0.000000   -0.000180
0.003153   0.000000   0.000239
0.002646   0.000000   0.000657
0.002139   0.000000   0.001073
0.001630   0.000000   0.001488
0.001120   0.000000   0.001902
0.000608   0.000000   0.002314
0.000096   0.000000   0.002725
-0.000417   0.000000   0.003135
-0.000932   0.000000   0.003543
-0.001447   0.000000   0.003949
-0.001964   0.000000   0.004355
-0.002482   0.000000   0.004759
-0.003001   0.000000   0.005161
-0.003521   0.000000   0.005563
-0.004042   0.000000   0.005962
-0.004565   0.000000   0.006361
-0.005088   0.000000   0.006758
-0.005613   0.000000   0.007154
-0.006138   0.000000   0.007548
-0.006665   0.000000   0.007941
-0.007193   0.000000   0.008333
-0.007722   0.000000   0.008723
-0.008252   0.000000   0.009112
-0.008784   0.000000   0.009499
-0.009316   0.000000   0.009885
-0.009850   0.000000   0.010270
-0.010384   0.000000   0.010653
-0.010920   0.000000   0.011035
-0.011457   0.000000   0.011415
-0.011995   0.000000   0.011795
-0.012534   0.000000   0.012172
-0.013075   0.000000   0.012549
-0.013616   0.000000   0.012924
-0.014159   0.000000   0.013297
-0.014702   0.000000   0.013669
-0.015247   0.000000   0.014040
-0.015793   0.000000   0.014409
-0.016340   0.000000   0.014777
-0.016888   0.000000   0.015144
-0.017437   0.000000   0.015509
-0.017988   0.000000   0.015873
-0.018540   0.000000   0.016235
-0.019092   0.000000   0.016596
-0.019646   0.000000   0.016956
-0.020201   0.000000   0.017314
-0.020757   0.000000   0.017671
-0.021315   0.000000   0.018027
-0.021873   0.000000   0.018381
-0.022432   0.000000   0.018733
-0.022993   0.000000   0.019084
-0.023555   0.000000   0.019434
-0.024118   0.000000   0.019782
-0.024682   0.000000   0.020129
-0.025247   0.000000   0.020475
