-0.000646   0.000000   0.035602
0.000081   0.000000   0.032054
0.000787   0.000000   0.028505
0.001481   0.000000   0.024956
0.002147   0.000000   0.021407
0.002776   0.000000   0.017857
0.003356   0.000000   0.014306
0.003877   0.000000   0.010754
0.004330   0.000000   0.007201
0.004702   0.000000   0.003647
0.004978   0.000000   0.000090
0.005139   0.000000   -0.003468
0.005194   0.000000   -0.007028
0.005149   0.000000   -0.010591
0.005015   0.000000   -0.014154
0.004789   0.000000   -0.017720
0.004458   0.000000   -0.021287
0.004010   0.000000   -0.024857
0.003409   0.000000   -0.028429
0.003031   0.000000   -0.030217
0.002577   0.000000   -0.032006
0.001997   0.000000   -0.033797
0.001613   0.000000   -0.034694
0.001399   0.000000   -0.035054
0.001224   0.000000   -0.035235
0.000646   0.000000   -0.035602
0.000646   0.000000   -0.035602
0.000196   0.000000   -0.035254
0.000072   0.000000   -0.035078
-0.000052   0.000000   -0.034724
-0.000245   0.000000   -0.033837
-0.000524   0.000000   -0.032062
-0.000739   0.000000   -0.030285
-0.000920   0.000000   -0.028508
-0.001211   0.000000   -0.024952
-0.001442   0.000000   -0.021394
-0.001624   0.000000   -0.017836
-0.001763   0.000000   -0.014277
-0.001863   0.000000   -0.010718
-0.001921   0.000000   -0.007158
-0.001929   0.000000   -0.003596
-0.001874   0.000000   -0.000034
-0.001750   0.000000   0.003530
-0.001575   0.000000   0.007094
-0.001366   0.000000   0.010659
-0.001138   0.000000   0.014225
-0.000904   0.000000   0.017790
-0.000683   0.000000   0.021356
-0.000492   0.000000   0.024921
-0.000366   0.000000   0.028484
-0.000355   0.000000   0.032046
-0.000646   0.000000   0.035602
