-0.022025   0.000000   -0.011119
-0.021445   0.000000   -0.011160
-0.020870   0.000000   -0.011194
-0.020298   0.000000   -0.011220
-0.019730   0.000000   -0.011240
-0.019165   0.000000   -0.011253
-0.018604   0.000000   -0.011259
-0.018046   0.000000   -0.011258
-0.017491   0.000000   -0.011251
-0.016939   0.000000   -0.011238
-0.016391   0.000000   -0.011218
-0.015846   0.000000   -0.011192
-0.015303   0.000000   -0.011161
-0.014764   0.000000   -0.011123
-0.014228   0.000000   -0.011079
-0.013695   0.000000   -0.011029
-0.013164   0.000000   -0.010974
-0.012637   0.000000   -0.010913
-0.012112   0.000000   -0.010847
-0.011590   0.000000   -0.010774
-0.011071   0.000000   -0.010697
-0.010554   0.000000   -0.010614
-0.010041   0.000000   -0.010526
-0.009529   0.000000   -0.010432
-0.009021   0.000000   -0.010333
-0.008515   0.000000   -0.010229
-0.008012   0.000000   -0.010120
-0.007511   0.000000   -0.010006
-0.007013   0.000000   -0.009886
-0.006518   0.000000   -0.009762
-0.006025   0.000000   -0.009632
-0.005534   0.000000   -0.009498
-0.005046   0.000000   -0.009359
-0.004561   0.000000   -0.009214
-0.004078   0.000000   -0.009065
-0.003597   0.000000   -0.008911
-0.003119   0.000000   -0.008753
-0.002643   0.000000   -0.008589
-0.002170   0.000000   -0.008421
-0.001699   0.000000   -0.008248
-0.001230   0.000000   -0.008070
-0.000764   0.000000   -0.007887
-0.000300   0.000000   -0.007700
0.000161   0.000000   -0.007508
0.000620   0.000000   -0.007311
0.001077   0.000000   -0.007110
0.001531   0.000000   -0.006904
0.001983   0.000000   -0.006693
0.002433   0.000000   -0.006478
0.002880   0.000000   -0.006258
0.003325   0.000000   -0.006033
0.003768   0.000000   -0.005804
0.004208   0.000000   -0.005570
0.004646   0.000000   -0.005332
0.005081   0.000000   -0.005088
0.005515   0.000000   -0.004840
0.005945   0.000000   -0.004588
0.006374   0.000000   -0.004331
0.006800   0.000000   -0.004069
0.007224   0.000000   -0.003802
0.007645   0.000000   -0.003530
0.008064   0.000000   -0.003254
0.008480   0.000000   -0.002973
0.008894   0.000000   -0.002688
0.009306   0.000000   -0.002397
0.009715   0.000000   -0.002102
0.010122   0.000000   -0.001802
0.010527   0.000000   -0.001497
0.010928   0.000000   -0.001187
0.011328   0.000000   -0.000872
0.011725   0.000000   -0.000552
0.012119   0.000000   -0.000227
0.012511   0.000000   0.000103
0.012900   0.000000   0.000438
0.013287   0.000000   0.000778
0.013671   0.000000   0.001123
0.014052   0.000000   0.001473
0.014431   0.000000   0.001829
0.014807   0.000000   0.002190
0.015181   0.000000   0.002556
0.015551   0.000000   0.002928
0.015919   0.000000   0.003305
0.016284   0.000000   0.003688
0.016647   0.000000   0.004076
0.017006   0.000000   0.004470
0.017363   0.000000   0.004870
0.017716   0.000000   0.005275
0.018067   0.000000   0.005686
0.018415   0.000000   0.006104
0.018759   0.000000   0.006527
0.019101   0.000000   0.006957
0.019439   0.000000   0.007393
0.019774   0.000000   0.007835
0.020106   0.000000   0.008284
0.020434   0.000000   0.008739
0.020759   0.000000   0.009201
0.021081   0.000000   0.009670
0.021399   0.000000   0.010146
0.021714   0.000000   0.010629
0.022025   0.000000   0.011119
0.022025   0.000000   0.011119
0.021615   0.000000   0.010824
0.021205   0.000000   0.010531
0.020794   0.000000   0.010239
0.020382   0.000000   0.009949
0.019969   0.000000   0.009660
0.019556   0.000000   0.009373
0.019142   0.000000   0.009087
0.018727   0.000000   0.008802
0.018312   0.000000   0.008519
0.017896   0.000000   0.008238
0.017479   0.000000   0.007958
0.017061   0.000000   0.007679
0.016643   0.000000   0.007402
0.016224   0.000000   0.007126
0.015804   0.000000   0.006851
0.015383   0.000000   0.006578
0.014962   0.000000   0.006307
0.014540   0.000000   0.006037
0.014117   0.000000   0.005768
0.013694   0.000000   0.005501
0.013270   0.000000   0.005235
0.012845   0.000000   0.004971
0.012419   0.000000   0.004708
0.011993   0.000000   0.004447
0.011566   0.000000   0.004186
0.011138   0.000000   0.003928
0.010710   0.000000   0.003671
0.010280   0.000000   0.003415
0.009850   0.000000   0.003161
0.009420   0.000000   0.002908
0.008988   0.000000   0.002656
0.008556   0.000000   0.002406
0.008124   0.000000   0.002157
0.007690   0.000000   0.001910
0.007256   0.000000   0.001664
0.006821   0.000000   0.001420
0.006385   0.000000   0.001177
0.005949   0.000000   0.000935
0.005512   0.000000   0.000695
0.005074   0.000000   0.000456
0.004635   0.000000   0.000219
0.004196   0.000000   -0.000017
0.003756   0.000000   -0.000252
0.003316   0.000000   -0.000485
0.002874   0.000000   -0.000716
0.002432   0.000000   -0.000947
0.001989   0.000000   -0.001175
0.001546   0.000000   -0.001403
0.001102   0.000000   -0.001629
0.000657   0.000000   -0.001854
0.000211   0.000000   -0.002077
-0.000235   0.000000   -0.002299
-0.000682   0.000000   -0.002519
-0.001130   0.000000   -0.002738
-0.001579   0.000000   -0.002956
-0.002028   0.000000   -0.003172
-0.002478   0.000000   -0.003386
-0.002929   0.000000   -0.003600
-0.003380   0.000000   -0.003812
-0.003832   0.000000   -0.004022
-0.004285   0.000000   -0.004231
-0.004738   0.000000   -0.004439
-0.005193   0.000000   -0.004645
-0.005647   0.000000   -0.004850
-0.006103   0.000000   -0.005053
-0.006559   0.000000   -0.005255
-0.007017   0.000000   -0.005456
-0.007474   0.000000   -0.005655
-0.007933   0.000000   -0.005853
-0.008392   0.000000   -0.006049
-0.008852   0.000000   -0.006244
-0.009313   0.000000   -0.006438
-0.009774   0.000000   -0.006630
-0.010236   0.000000   -0.006820
-0.010699   0.000000   -0.007009
-0.011163   0.000000   -0.007197
-0.011627   0.000000   -0.007384
-0.012092   0.000000   -0.007568
-0.012558   0.000000   -0.007752
-0.013024   0.000000   -0.007934
-0.013491   0.000000   -0.008115
-0.013959   0.000000   -0.008294
-0.014428   0.000000   -0.008472
-0.014897   0.000000   -0.008648
-0.015367   0.000000   -0.008823
-0.015838   0.000000   -0.008996
-0.016309   0.000000   -0.009168
-0.016782   0.000000   -0.009339
-0.017255   0.000000   -0.009508
-0.017728   0.000000   -0.009675
-0.018203   0.000000   -0.009842
-0.018678   0.000000   -0.010006
-0.019154   0.000000   -0.010170
-0.019630   0.000000   -0.010332
-0.020108   0.000000   -0.010492
-0.020586   0.000000   -0.010651
-0.021065   0.000000   -0.010808
-0.021544   0.000000   -0.010964
-0.022025   0.000000   -0.011119
