-0.001341   0.000000   0.035583
-0.001636   0.000000   0.032008
-0.001996   0.000000   0.028431
-0.002375   0.000000   0.024854
-0.002752   0.000000   0.021276
-0.003109   0.000000   0.017699
-0.003434   0.000000   0.014124
-0.003713   0.000000   0.010550
-0.003937   0.000000   0.006978
-0.004092   0.000000   0.003409
-0.004164   0.000000   -0.000157
-0.004132   0.000000   -0.003719
-0.004005   0.000000   -0.007278
-0.003793   0.000000   -0.010833
-0.003503   0.000000   -0.014385
-0.003134   0.000000   -0.017935
-0.002678   0.000000   -0.021481
-0.002122   0.000000   -0.025023
-0.001438   0.000000   -0.028561
-0.001028   0.000000   -0.030327
-0.000555   0.000000   -0.032091
0.000029   0.000000   -0.033850
0.000403   0.000000   -0.034727
0.000610   0.000000   -0.035076
0.000780   0.000000   -0.035247
0.001341   0.000000   -0.035583
0.001341   0.000000   -0.035583
0.001808   0.000000   -0.035209
0.001937   0.000000   -0.035026
0.002067   0.000000   -0.034664
0.002269   0.000000   -0.033766
0.002544   0.000000   -0.031974
0.002739   0.000000   -0.030185
0.002889   0.000000   -0.028398
0.003096   0.000000   -0.024826
0.003219   0.000000   -0.021259
0.003275   0.000000   -0.017693
0.003272   0.000000   -0.014130
0.003216   0.000000   -0.010569
0.003105   0.000000   -0.007010
0.002932   0.000000   -0.003453
0.002685   0.000000   0.000101
0.002356   0.000000   0.003652
0.001964   0.000000   0.007201
0.001527   0.000000   0.010747
0.001058   0.000000   0.014293
0.000568   0.000000   0.017838
0.000076   0.000000   0.021383
-0.000404   0.000000   0.024928
-0.000843   0.000000   0.028475
-0.001201   0.000000   0.032025
-0.001341   0.000000   0.035583
